185
83
478
767
835
477
186
577
931
444
230
277
682
868
223
78
204
269
631
873
668
430
260
279
321
146
697
184
729
528
372
367
757
573
691
228
233
563
748
174
397
726
102
791
405
822
207
76
183
649
59
489
127
71
663
301
566
805
584
375
588
695
937
631
984
664
976
808
177
864
766
974
526
843
765
378
645
78
624
2
188
414
403
125
747
327
521
434
853
120
737
85
905
624
937
925
277
304
946
467
371
442
309
844
811
843
902
297
244
1
161
608
544
870
346
382
648
139
164
174
708
555
194
54
320
935
753
445
247
367
398
325
110
928
404
519
330
814
502
59
473
203
778
859
405
260
895
341
221
860
251
244
317
892
974
86
554
371
434
424
970
661
956
181
197
275
819
614
831
11
114
425
885
425
58
230
492
464
791
728
972
988
196
925
356
495
667
871
246
258
845
682
334
50
823
231
688
464
826
134
701
542
689
796
232
922
840
705
934
595
72
967
925
265
792
333
244
77
296
89
84
217
929
67
837
101
108
253
221
152
517
128
774
593
465
529
950
402
264
675
410
144
634
177
156
291
633
104
491
795
895
534
303
762
559
272
274
215
936
90
534
712
561
774
55
298
257
94
227
621
531
76
911
712
973
644
73
895
344
202
466
395
989
590
376
838
377
570
54
751
589
469
955
893
866
669
285
282
612
692
107
350
933
732
777
39
904
801
774
340
662
19
852
85
605
522
603
996
702
366
982
653
967
502
643
691
549
865
924
225
264
849
991
719
765
507
210
773
231
171
556
114
892
880
450
683
884
775
751
406
101
545
892
211
547
449
278
8
244
768
509
188
983
741
138
399
543
423
638
958
795
827
222
424
980
575
86
607
691
968
190
687
498
135
362
957
273
473
750
103
882
834
975
380
466
183
671
604
503
814
400
443
93
905
278
331
909
94
254
628
594
700
500
853
655
759
498
841
956
937
945
155
117
113
48
404
480
279
560
252
68
496
151
16
983
754
200
895
324
334
221
33
37
707
534
93
616
213
134
678
296
373
713
377
631
933
163
811
806
871
490
251
193
917
909
877
274
878
92
598
531
147
771
961
989
271
161
557
539
799
271
943
759
964
459
633
107
126
960
811
2
118
974
971
520
705
227
256
661
49
288
531
251
893
49
205
146
601
386
946
578
421
163
708
622
877
369
977
234
132
277
637
284
463
682
608
821
699
564
418
945
980
938
706
776
229
514
193
364
389
226
917
391
106
294
473
417
299
85
233
9
294
413
898
660
443
242
574
855
786
957
42
717
133
203
754
46
335
863
925
368
627
626
684
215
586
89
208
723
147
814
802
230
144
591
454
454
193
356
7
886
385
61
284
755
884
773
435
174
329
344
188
712
963
116
968
435
135
360
42
186
709
684
171
389
76
728
221
195
817
996
233
109
667
223
523
689
784
298
652
378
192
451
90
738
848
89
583
842
520
51
282
686
613
511
434
295
309
659
621
61
778
406
397
447
334
263
258
783
760
687
298
518
932
874
239
366
825
958
800
589
321
497
834
590
131
191
994
743
776
959
113
195
489
80
56
134
670
625
235
520
312
574
91
760
340
424
754
462
624
373
236
229
31
673
530
306
672
371
588
218
303
386
922
153
6
801
648
600
833
988
332
45
197
853
38
122
968
867
845
614
276
696
652
509
616
625
362
882
37
236
130
802
818
739
930
676
752
432
927
142
742
789
88
168
547
190
775
186
857
101
569
313
91
546
991
907
12
233
588
75
985
622
554
254
790
481
897
394
445
190
841
87
311
997
119
301
129
638
542
966
950
631
567
150
212
1
480
139
502
450
620
570
714
852
917
320
634
97
200
326
839
909
134
505
145
851
72
764
824
377
668
665
494
857
488
141
705
588
897
916
445
691
743
953
840
253
713
567
290
175
970
34
990
704
406
799
272
962
455
150
830
553
549
227
63
609
889
623
330
637
645
298
489
630
254
509
168
369
965
966
180
107
749
90
241
717
322
145
66
774
627
161
355
105
492
183
268
581
133
154
519
64
968
169
885
482
56
895
952
464
155
534
404
659
191
842
506
576
399
250
549
729
149
837
250
497
871
834
300
338
322
306
948
105
492
260
930
57
836
305
417
422
261
75
90
912
413
727
72
291
915
38
390
113
347
351
222
889
565
94
841
374
516
962
586
991
856
923
694
912
993
823
885
128
146
471
901
576
557
649
848
546
49
113
203
449
621
768
967
268
53
280
777
548
858
75
996
658
904
539
738
465
86
449
695
833
135
608
553